twedT0:   100.0   1.0   0.619230769231   0.0   0.0
twedT1:   10.0   0.001   0.796153846154   1.0   0.75
twedT2:   1.0   0.001   0.839010989011   1e-05   0.75
twedT3:   1.0   0.001   0.841483516484   1e-05   0.5
twedT4:   1000.0   0.001   0.811263736264   0.001   1.0
twedT5:   10.0   0.001   0.818131868132   1e-05   0.75
